function framepoints = makeframepoints()

% Draws the frame.

xf=[ 0         0   23.50000   97.5  117.7500;
    0  119.2500   23.50000   97.5  117.7500;
    1.5000  119.2500   22.0000   96  119.2500;
    1.5000         0   22.0000   96  119.2500;
    ];
yf=[   83.4960   83.4960   81.9960   81.9960   81.9960;
    0   83.4960         0         0         0;
    0   81.9960         0         0         0;
    83.4960   81.9960   81.9860   81.9860   81.9860];

mxf = (xf)*(2.54/100);
myf = (yf+2.5)*(2.54/100);

framepoints.xdata = mxf;
framepoints.ydata = myf;
end
